Bd1 0 2503999 0.776738
Bd1 2503999 5007998 0.974617
Bd1 5007998 7511997 1.000000
Bd1 7511997 10015996 0.998705
Bd1 10015996 12519995 0.995075
Bd1 12519995 15023994 0.811567
Bd1 15023994 17527993 0.946647
Bd1 17527993 20031992 1.000000
Bd1 20031992 22535991 0.957831
Bd1 22535991 25039990 0.823871
Bd1 25039990 27543989 0.940235
Bd1 27543989 30047988 0.972385
Bd1 30047988 32551987 0.990764
Bd1 32551987 35055986 0.939397
Bd1 37559985 40063984 0.851545
Bd1 40063984 42567983 0.929736
Bd1 42567983 45071982 1.000000
Bd1 45071982 47575981 0.909023
Bd1 47575981 50079980 0.919428
Bd1 50079980 52583979 0.863958
Bd1 52583979 55087978 0.948456
Bd1 55087978 57591977 0.856870
Bd1 57591977 60095976 0.947306
Bd1 60095976 62599975 1.000000
Bd1 62599975 65103974 1.000000
Bd1 65103974 67607973 0.981443
Bd1 67607973 70111972 0.997422
Bd1 70111972 72615971 0.960081
Bd1 72615971 75119905 0.871821
Bd2 0 2474900 0.944202
Bd2 2474900 4949800 0.990797
Bd2 4949800 7424700 0.993791
Bd2 7424700 9899600 0.948690
Bd2 9899600 12374500 0.862358
Bd2 12374500 14849400 0.849596
Bd2 14849400 17324300 0.923942
Bd2 17324300 19799200 0.970233
Bd2 19799200 22274100 1.000000
Bd2 22274100 24749000 0.935142
Bd2 24749000 27223900 0.962648
Bd2 27223900 29698800 0.959184
Bd2 29698800 32173700 0.756016
Bd2 32173700 34648600 0.998535
Bd2 34648600 37123500 0.950113
Bd2 37123500 39598400 0.803255
Bd2 39598400 42073300 0.951974
Bd2 42073300 44548200 1.000000
Bd2 44548200 47023100 1.000000
Bd2 47023100 49498000 1.000000
Bd2 49498000 51972900 0.999075
Bd2 51972900 54447800 1.000000
Bd2 54447800 56922700 1.000000
Bd2 56922700 59384932 0.926020
Bd3 0 2499000 0.904909
Bd3 2499000 4998000 0.963892
Bd3 4998000 7497000 0.937863
Bd3 7497000 9996000 0.906056
Bd3 9996000 12495000 0.536976
Bd3 12495000 14994000 0.851011
Bd3 14994000 17493000 0.747154
Bd3 17493000 19992000 0.895113
Bd3 19992000 22491000 0.854524
Bd3 22491000 24990000 0.526989
Bd3 24990000 27489000 0.360091
Bd3 27489000 29988000 0.967775
Bd3 29988000 32487000 1.000000
Bd3 32487000 34986000 0.929731
Bd3 34986000 37485000 0.966369
Bd3 37485000 39984000 0.972214
Bd3 39984000 42483000 0.982598
Bd3 42483000 44982000 0.992930
Bd3 44982000 47481000 0.995729
Bd3 47481000 49980000 0.997707
Bd3 49980000 52479000 0.998993
Bd3 52479000 54978000 0.992123
Bd3 54978000 57477000 0.966844
Bd3 57477000 59935730 0.905438
Bd4 0 2568000 0.815658
Bd4 2568000 5136000 0.836077
Bd4 5136000 7704000 0.850965
Bd4 7704000 10272000 0.443537
Bd4 10272000 12840000 0.504138
Bd4 12840000 15408000 0.719689
Bd4 15408000 17976000 0.793911
Bd4 17976000 20544000 1.000000
Bd4 20544000 23112000 0.498990
Bd4 23112000 25680000 0.775026
Bd4 25680000 28248000 0.841672
Bd4 28248000 30816000 0.744652
Bd4 30816000 33384000 0.833729
Bd4 33384000 35952000 0.997000
Bd4 35952000 38520000 1.000000
Bd4 38520000 41088000 0.996056
Bd4 41088000 43656000 0.940198
Bd4 43656000 46224000 0.960183
Bd4 46224000 48772488 0.852130
Bd5 0 2598000 0.527225
Bd5 5196000 7794000 0.383142
Bd5 7794000 10392000 0.484128
Bd5 10392000 12990000 0.920554
Bd5 12990000 15588000 0.871349
Bd5 15588000 18186000 0.993375
Bd5 18186000 20784000 1.000000
Bd5 20784000 23382000 1.000000
Bd5 23382000 25980000 0.989506
Bd5 25980000 28563423 0.887562
