Bd1 0 2503999 0.037127
Bd1 2503999 5007998 0.024489
Bd1 5007998 7511997 0.166066
Bd1 7511997 10015996 0.021285
Bd1 10015996 12519995 0.121686
Bd1 12519995 15023994 0.067454
Bd1 15023994 17527993 0.031280
Bd1 17527993 20031992 0.228555
Bd1 20031992 22535991 0.155314
Bd1 22535991 25039990 0.000000
Bd1 25039990 27543989 0.001185
Bd1 27543989 30047988 0.000000
Bd1 30047988 32551987 0.027758
Bd1 32551987 35055986 0.000000
Bd1 37559985 40063984 0.000000
Bd1 40063984 42567983 0.232860
Bd1 42567983 45071982 0.111438
Bd1 45071982 47575981 0.087077
Bd1 47575981 50079980 0.000000
Bd1 50079980 52583979 0.056679
Bd1 52583979 55087978 0.053481
Bd1 55087978 57591977 0.029446
Bd1 57591977 60095976 0.087389
Bd1 60095976 62599975 0.081788
Bd1 62599975 65103974 0.438260
Bd1 65103974 67607973 0.209944
Bd1 67607973 70111972 0.187556
Bd1 70111972 72615971 0.062732
Bd1 72615971 75119905 0.108185
Bd2 0 2474900 0.029581
Bd2 2474900 4949800 0.121215
Bd2 4949800 7424700 0.002666
Bd2 7424700 9899600 0.065224
Bd2 9899600 12374500 0.000000
Bd2 12374500 14849400 0.061627
Bd2 14849400 17324300 0.043860
Bd2 17324300 19799200 0.069625
Bd2 19799200 22274100 0.166760
Bd2 22274100 24749000 0.034025
Bd2 24749000 27223900 0.106530
Bd2 27223900 29698800 0.000000
Bd2 29698800 32173700 0.000000
Bd2 32173700 34648600 0.087637
Bd2 34648600 37123500 0.000000
Bd2 37123500 39598400 0.071078
Bd2 39598400 42073300 0.000746
Bd2 42073300 44548200 0.000000
Bd2 44548200 47023100 0.117881
Bd2 47023100 49498000 0.068943
Bd2 49498000 51972900 0.126691
Bd2 51972900 54447800 0.414469
Bd2 54447800 56922700 0.019479
Bd2 56922700 59384932 0.033638
Bd3 0 2499000 0.000000
Bd3 2499000 4998000 0.021647
Bd3 4998000 7497000 0.000000
Bd3 7497000 9996000 0.081094
Bd3 9996000 12495000 0.000000
Bd3 12495000 14994000 0.000000
Bd3 14994000 17493000 0.010359
Bd3 17493000 19992000 0.051197
Bd3 19992000 22491000 0.000000
Bd3 22491000 24990000 0.000000
Bd3 24990000 27489000 0.000000
Bd3 27489000 29988000 0.068420
Bd3 29988000 32487000 0.189027
Bd3 32487000 34986000 0.085056
Bd3 34986000 37485000 0.195109
Bd3 37485000 39984000 0.155332
Bd3 39984000 42483000 0.116756
Bd3 42483000 44982000 0.038048
Bd3 44982000 47481000 0.190159
Bd3 47481000 49980000 0.023203
Bd3 49980000 52479000 0.142368
Bd3 52479000 54978000 0.200126
Bd3 54978000 57477000 0.117283
Bd3 57477000 59935730 0.147203
Bd4 0 2568000 0.060965
Bd4 2568000 5136000 0.021035
Bd4 5136000 7704000 0.034319
Bd4 7704000 10272000 0.000000
Bd4 10272000 12840000 0.000000
Bd4 12840000 15408000 0.000000
Bd4 15408000 17976000 0.000000
Bd4 17976000 20544000 0.059958
Bd4 20544000 23112000 0.054664
Bd4 23112000 25680000 0.000000
Bd4 25680000 28248000 0.001438
Bd4 28248000 30816000 0.018548
Bd4 30816000 33384000 0.008357
Bd4 33384000 35952000 0.132804
Bd4 35952000 38520000 0.116674
Bd4 38520000 41088000 0.069015
Bd4 41088000 43656000 0.111846
Bd4 43656000 46224000 0.031941
Bd4 46224000 48772488 0.149291
Bd5 0 2598000 0.000000
Bd5 5196000 7794000 0.000000
Bd5 7794000 10392000 0.000000
Bd5 10392000 12990000 0.260619
Bd5 12990000 15588000 0.030462
Bd5 15588000 18186000 0.000000
Bd5 18186000 20784000 0.144214
Bd5 20784000 23382000 0.200995
Bd5 23382000 25980000 0.042482
Bd5 25980000 28563423 0.020013
