Bd1 0 2503999 0.882608696

Bd1 2503999 5007998 0.453924915

Bd1 5007998 7511997 0.332116788

Bd1 7511997 10015996 0.371794872

Bd1 10015996 12519995 0.621621622

Bd1 12519995 15023994 0.655

Bd1 15023994 17527993 0.471774194

Bd1 17527993 20031992 0.57079646

Bd1 20031992 22535991 0.488262911

Bd1 22535991 25039990 1.326923077

Bd1 25039990 27543989 0.731958763

Bd1 27543989 30047988 0.7875

Bd1 30047988 32551987 0.544444444

Bd1 32551987 35055986 0.661870504

Bd1 37559985 40063984 1.4375

Bd1 40063984 42567983 0.6

Bd1 42567983 45071982 0.601226994

Bd1 45071982 47575981 0.754285714

Bd1 47575981 50079980 0.647058824

Bd1 50079980 52583979 0.636363636

Bd1 52583979 55087978 1.02189781

Bd1 55087978 57591977 1.040816327

Bd1 57591977 60095976 0.892857143

Bd1 60095976 62599975 0.468599034

Bd1 62599975 65103974 0.296747967

Bd1 65103974 67607973 0.389105058

Bd1 67607973 70111972 0.471544715

Bd1 70111972 72615971 0.543478261

Bd1 72615971 75119905 0.527881041

Bd4 0 2568000 0.861244019

Bd4 2568000 5136000 0.966666667

Bd4 5136000 7704000 1.046666667

Bd4 7704000 10272000 1.989583333

Bd4 10272000 12840000 2.584615385

Bd4 12840000 15408000 2.369047619

Bd4 15408000 17976000 1.086956522

Bd4 17976000 20544000 1.468085106

Bd4 20544000 23112000 1.172413793

Bd4 23112000 25680000 1.333333333

Bd4 25680000 28248000 1.786885246

Bd4 28248000 30816000 1.548076923

Bd4 30816000 33384000 0.993464052

Bd4 33384000 35952000 0.674418605

Bd4 35952000 38520000 0.330232558

Bd4 38520000 41088000 0.523206751

Bd4 41088000 43656000 0.484251969

Bd4 43656000 46224000 0.717948718

Bd4 46224000 48772488 0.835443038

Bd2 0 2474900 0.668049793

Bd2 2474900 4949800 0.441767068

Bd2 4949800 7424700 0.528301887

Bd2 7424700 9899600 0.697802198

Bd2 9899600 12374500 0.707006369

Bd2 12374500 14849400 0.731578947

Bd2 14849400 17324300 0.624390244

Bd2 17324300 19799200 0.646067416

Bd2 19799200 22274100 0.475409836

Bd2 22274100 24749000 0.730769231

Bd2 24749000 27223900 0.68852459

Bd2 27223900 29698800 1.133333333

Bd2 29698800 32173700 1.784313725

Bd2 32173700 34648600 0.776923077

Bd2 34648600 37123500 1.175

Bd2 37123500 39598400 1.412587413

Bd2 39598400 42073300 0.809160305

Bd2 42073300 44548200 0.658823529

Bd2 44548200 47023100 0.367647059

Bd2 47023100 49498000 0.321138211

Bd2 49498000 51972900 0.282312925

Bd2 51972900 54447800 0.258169935

Bd2 54447800 56922700 0.335689046

Bd2 56922700 59384932 0.734848485

Bd5 0 2598000 2.126582278

Bd5 5196000 7794000 3.037037037

Bd5 7794000 10392000 1.761904762

Bd5 10392000 12990000 0.836206897

Bd5 12990000 15588000 0.631284916

Bd5 15588000 18186000 0.506912442

Bd5 18186000 20784000 0.475336323

Bd5 20784000 23382000 0.350194553

Bd5 23382000 25980000 0.58419244

Bd5 25980000 28563423 0.619771863

Bd3 0 2499000 0.751037344

Bd3 2499000 4998000 0.672566372

Bd3 4998000 7497000 0.62244898

Bd3 7497000 9996000 0.814102564

Bd3 9996000 12495000 0.583941606

Bd3 12495000 14994000 0.787564767

Bd3 14994000 17493000 1.452173913

Bd3 17493000 19992000 0.984251969

Bd3 19992000 22491000 0.991666667

Bd3 22491000 24990000 2.5

Bd3 24990000 27489000 2.947368421

Bd3 27489000 29988000 0.595092025

Bd3 29988000 32487000 0.673913043

Bd3 32487000 34986000 0.549668874

Bd3 34986000 37485000 0.580310881

Bd3 37485000 39984000 0.643678161

Bd3 39984000 42483000 0.449781659

Bd3 42483000 44982000 0.423220974

Bd3 44982000 47481000 0.557692308

Bd3 47481000 49980000 0.403162055

Bd3 49980000 52479000 0.259541985

Bd3 52479000 54978000 0.262411348

Bd3 54978000 57477000 0.450757576

Bd3 57477000 59935730 0.514056225
