Bd1 0 2503999 0.497716895
Bd1 2503999 5007998 0.497695853
Bd1 5007998 7511997 0.232227488
Bd1 7511997 10015996 0.306818182
Bd1 10015996 12519995 0.294444444
Bd1 12519995 15023994 0.35359116
Bd1 15023994 17527993 0.388059701
Bd1 17527993 20031992 0.455555556
Bd1 20031992 22535991 0.303370787
Bd1 22535991 25039990 0.610619469
Bd1 25039990 27543989 0.432432432
Bd1 27543989 30047988 0.539568345
Bd1 30047988 32551987 0.368055556
Bd1 32551987 35055986 0.594594595
Bd1 37559985 40063984 0.82
Bd1 40063984 42567983 0.509803922
Bd1 42567983 45071982 0.512820513
Bd1 45071982 47575981 0.630769231
Bd1 47575981 50079980 0.543624161
Bd1 50079980 52583979 0.286549708
Bd1 52583979 55087978 0.546875
Bd1 55087978 57591977 0.701612903
Bd1 57591977 60095976 0.690909091
Bd1 60095976 62599975 0.30952381
Bd1 62599975 65103974 0.244897959
Bd1 65103974 67607973 0.376344086
Bd1 67607973 70111972 0.298076923
Bd1 70111972 72615971 0.313513514
Bd1 72615971 75119905 0.316742081
Bd4 0 2568000 0.534759358
Bd4 2568000 5136000 0.6125
Bd4 5136000 7704000 0.704545455
Bd4 7704000 10272000 0.882352941
Bd4 10272000 12840000 1.298701299
Bd4 12840000 15408000 1.329787234
Bd4 15408000 17976000 0.712871287
Bd4 17976000 20544000 1.214285714
Bd4 20544000 23112000 0.754716981
Bd4 23112000 25680000 0.602739726
Bd4 25680000 28248000 1.531914894
Bd4 28248000 30816000 0.970873786
Bd4 30816000 33384000 0.546666667
Bd4 33384000 35952000 0.4765625
Bd4 35952000 38520000 0.441860465
Bd4 38520000 41088000 0.469273743
Bd4 41088000 43656000 0.382513661
Bd4 43656000 46224000 0.369668246
Bd4 46224000 48772488 0.608247423
Bd2 0 2474900 0.754285714
Bd2 2474900 4949800 0.446428571
Bd2 4949800 7424700 0.435897436
Bd2 7424700 9899600 0.47133758
Bd2 9899600 12374500 0.462068966
Bd2 12374500 14849400 0.47826087
Bd2 14849400 17324300 0.458598726
Bd2 17324300 19799200 0.621212121
Bd2 19799200 22274100 0.544715447
Bd2 22274100 24749000 0.568627451
Bd2 24749000 27223900 0.855421687
Bd2 27223900 29698800 0.909090909
Bd2 29698800 32173700 0.7
Bd2 32173700 34648600 0.6
Bd2 34648600 37123500 0.589552239
Bd2 37123500 39598400 0.577380952
Bd2 39598400 42073300 0.390625
Bd2 42073300 44548200 0.402985075
Bd2 44548200 47023100 0.387755102
Bd2 47023100 49498000 0.25
Bd2 49498000 51972900 0.269406393
Bd2 51972900 54447800 0.269911504
Bd2 54447800 56922700 0.29245283
Bd2 56922700 59384932 0.467592593
Bd5 0 2598000 0.745283019
Bd5 5196000 7794000 0.844444444
Bd5 7794000 10392000 0.897959184
Bd5 10392000 12990000 0.773809524
Bd5 12990000 15588000 0.536231884
Bd5 15588000 18186000 0.325842697
Bd5 18186000 20784000 0.441860465
Bd5 20784000 23382000 0.301075269
Bd5 23382000 25980000 0.422907489
Bd5 25980000 28563423 0.558510638
Bd3 0 2499000 0.405405405
Bd3 2499000 4998000 0.554347826
Bd3 4998000 7497000 0.388571429
Bd3 7497000 9996000 0.51048951
Bd3 9996000 12495000 0.425925926
Bd3 12495000 14994000 0.48
Bd3 14994000 17493000 1.13
Bd3 17493000 19992000 0.688073394
Bd3 19992000 22491000 0.5
Bd3 22491000 24990000 1.5
Bd3 24990000 27489000 1.565217391
Bd3 27489000 29988000 0.766990291
Bd3 29988000 32487000 0.58490566
Bd3 32487000 34986000 0.528301887
Bd3 34986000 37485000 0.421052632
Bd3 37485000 39984000 0.442028986
Bd3 39984000 42483000 0.43373494
Bd3 42483000 44982000 0.349282297
Bd3 44982000 47481000 0.449152542
Bd3 47481000 49980000 0.264150943
Bd3 49980000 52479000 0.318918919
Bd3 52479000 54978000 0.229665072
Bd3 54978000 57477000 0.311627907
Bd3 57477000 59935730 0.301980198
