Bd1 0 2503999 0.870649
Bd1 2503999 5007998 0.990234
Bd1 5007998 7511997 1.000000
Bd1 7511997 10015996 1.000000
Bd1 10015996 12519995 1.000000
Bd1 12519995 15023994 0.942070
Bd1 15023994 17527993 1.000000
Bd1 17527993 20031992 1.000000
Bd1 20031992 22535991 1.000000
Bd1 22535991 25039990 0.968601
Bd1 25039990 27543989 1.000000
Bd1 27543989 30047988 1.000000
Bd1 30047988 32551987 1.000000
Bd1 32551987 35055986 1.000000
Bd1 37559985 40063984 0.933605
Bd1 40063984 42567983 1.000000
Bd1 42567983 45071982 1.000000
Bd1 45071982 47575981 1.000000
Bd1 47575981 50079980 1.000000
Bd1 50079980 52583979 0.988226
Bd1 52583979 55087978 1.000000
Bd1 55087978 57591977 1.000000
Bd1 57591977 60095976 0.996801
Bd1 60095976 62599975 1.000000
Bd1 62599975 65103974 1.000000
Bd1 65103974 67607973 0.981443
Bd1 67607973 70111972 1.000000
Bd1 70111972 72615971 1.000000
Bd1 72615971 75119905 0.900614
Bd2 0 2474900 0.987373
Bd2 2474900 4949800 1.000000
Bd2 4949800 7424700 1.000000
Bd2 7424700 9899600 1.000000
Bd2 9899600 12374500 1.000000
Bd2 12374500 14849400 0.939810
Bd2 14849400 17324300 1.000000
Bd2 17324300 19799200 1.000000
Bd2 19799200 22274100 1.000000
Bd2 22274100 24749000 0.991291
Bd2 24749000 27223900 0.963061
Bd2 27223900 29698800 1.000000
Bd2 29698800 32173700 1.000000
Bd2 32173700 34648600 1.000000
Bd2 34648600 37123500 1.000000
Bd2 37123500 39598400 1.000000
Bd2 39598400 42073300 0.985891
Bd2 42073300 44548200 1.000000
Bd2 44548200 47023100 1.000000
Bd2 47023100 49498000 1.000000
Bd2 49498000 51972900 1.000000
Bd2 51972900 54447800 1.000000
Bd2 54447800 56922700 1.000000
Bd2 56922700 59384932 0.981799
Bd3 0 2499000 0.992304
Bd3 2499000 4998000 1.000000
Bd3 4998000 7497000 1.000000
Bd3 7497000 9996000 0.990495
Bd3 9996000 12495000 0.919860
Bd3 12495000 14994000 1.000000
Bd3 14994000 17493000 1.000000
Bd3 17493000 19992000 1.000000
Bd3 19992000 22491000 0.982794
Bd3 22491000 24990000 0.815484
Bd3 24990000 27489000 0.949646
Bd3 27489000 29988000 0.980671
Bd3 29988000 32487000 1.000000
Bd3 32487000 34986000 1.000000
Bd3 34986000 37485000 1.000000
Bd3 37485000 39984000 1.000000
Bd3 39984000 42483000 1.000000
Bd3 42483000 44982000 0.998064
Bd3 44982000 47481000 1.000000
Bd3 47481000 49980000 1.000000
Bd3 49980000 52479000 1.000000
Bd3 52479000 54978000 1.000000
Bd3 54978000 57477000 1.000000
Bd3 57477000 59935730 0.914550
Bd4 0 2568000 0.996107
Bd4 2568000 5136000 0.999659
Bd4 5136000 7704000 1.000000
Bd4 7704000 10272000 0.909197
Bd4 10272000 12840000 0.872196
Bd4 12840000 15408000 0.931888
Bd4 15408000 17976000 0.976234
Bd4 17976000 20544000 1.000000
Bd4 20544000 23112000 0.959925
Bd4 23112000 25680000 1.000000
Bd4 25680000 28248000 1.000000
Bd4 28248000 30816000 0.998810
Bd4 30816000 33384000 0.993652
Bd4 33384000 35952000 1.000000
Bd4 35952000 38520000 1.000000
Bd4 38520000 41088000 1.000000
Bd4 41088000 43656000 1.000000
Bd4 43656000 46224000 1.000000
Bd4 46224000 48772488 0.941044
Bd5 0 2598000 0.911285
Bd5 5196000 7794000 0.965181
Bd5 7794000 10392000 0.735682
Bd5 10392000 12990000 0.945963
Bd5 12990000 15588000 0.889018
Bd5 15588000 18186000 1.000000
Bd5 18186000 20784000 1.000000
Bd5 20784000 23382000 1.000000
Bd5 23382000 25980000 0.998993
Bd5 25980000 28563423 0.962123
